2220111
22201112222011122220111222201112222011122220111
02200220002110
02200220002110202200220002110202200220002110202200220002110202200220002110202200220002110
212121212121212
21212121212121222121212121212122212121212121212221212121212121222121212121212122212121212121212
2222010001000
22220100010002222201000100022222010001000222220100010002222201000100022222010001000
2222011111100111110
22220111111001111102222201111110011111022222011111100111110222220111111001111102222201111110011111022222011111100111110
211122222222
21112222222222111222222222211122222222221112222222222111222222222211122222222